source	720575940604019424	720575940619237985	720575940605379506	720575940628003739	720575940611091780	720575940619169518	720575940643937316	720575940623490748	720575940640228661	720575940636069348	720575940638328765	720575940628120402	720575940632651219	720575940639404416	720575940620028513	720575940638901875	720575940628587202	720575940636868186	720575940620202266	720575940635481262	720575940635430030	720575940630728588	720575940619802800	720575940628457448	720575940619648116	720575940619006087	720575940624320318	720575940631151663	720575940630653604	720575940618759361	720575940644706083	720575940612936154	720575940622727629	720575940625308162	720575940623430621	720575940612870952	720575940622234326	720575940616654370	720575940605640905
720575940604019424	0.0	0.0	0.0	0.0	0.0	0.0	0.0	0.0	0.0	0.0	0.0	0.0	0.0	0.0	4.0	0.0	0.0	0.0	0.0	53.0	0.0	56.0	0.0	21.0	0.0	11.0	0.0	0.0	0.0	0.0	0.0	0.0	16.0	0.0	0.0	0.0	0.0	0.0	15.0
720575940619237985	0.0	0.0	3.0	0.0	0.0	0.0	0.0	0.0	3.0	0.0	0.0	15.0	0.0	25.0	0.0	0.0	0.0	0.0	20.0	0.0	0.0	0.0	4.0	0.0	48.0	0.0	0.0	0.0	39.0	0.0	0.0	0.0	0.0	16.0	0.0	60.0	0.0	0.0	0.0
720575940605379506	0.0	5.0	0.0	0.0	31.0	0.0	8.0	0.0	0.0	0.0	0.0	5.0	0.0	1.0	0.0	0.0	0.0	0.0	0.0	0.0	0.0	0.0	0.0	0.0	0.0	0.0	0.0	20.0	0.0	45.0	71.0	8.0	0.0	2.0	5.0	0.0	0.0	29.0	0.0
720575940628003739	0.0	0.0	0.0	0.0	5.0	0.0	74.0	0.0	0.0	0.0	0.0	1.0	26.0	0.0	1.0	1.0	0.0	0.0	0.0	0.0	12.0	0.0	0.0	0.0	0.0	1.0	24.0	68.0	0.0	12.0	16.0	0.0	0.0	0.0	51.0	0.0	2.0	0.0	0.0
720575940611091780	0.0	1.0	1.0	0.0	0.0	0.0	0.0	0.0	0.0	0.0	0.0	6.0	0.0	0.0	0.0	0.0	0.0	0.0	0.0	0.0	0.0	0.0	0.0	0.0	15.0	0.0	0.0	0.0	46.0	0.0	0.0	0.0	0.0	72.0	0.0	12.0	0.0	0.0	0.0
720575940619169518	0.0	0.0	0.0	0.0	0.0	0.0	0.0	0.0	0.0	0.0	0.0	0.0	0.0	0.0	0.0	0.0	0.0	0.0	0.0	0.0	0.0	0.0	0.0	0.0	0.0	0.0	0.0	0.0	53.0	0.0	4.0	0.0	0.0	0.0	0.0	0.0	43.0	30.0	0.0
720575940643937316	0.0	0.0	0.0	4.0	0.0	0.0	0.0	1.0	0.0	1.0	0.0	0.0	2.0	0.0	0.0	39.0	0.0	0.0	0.0	0.0	0.0	0.0	0.0	0.0	0.0	29.0	0.0	2.0	0.0	0.0	0.0	0.0	9.0	0.0	0.0	0.0	62.0	0.0	0.0
720575940623490748	0.0	0.0	0.0	4.0	0.0	0.0	1.0	0.0	0.0	0.0	0.0	0.0	0.0	0.0	3.0	52.0	0.0	0.0	0.0	0.0	0.0	0.0	0.0	0.0	0.0	28.0	0.0	0.0	0.0	0.0	1.0	0.0	25.0	0.0	0.0	0.0	58.0	0.0	0.0
720575940640228661	0.0	4.0	0.0	0.0	0.0	0.0	0.0	0.0	0.0	0.0	0.0	0.0	0.0	1.0	0.0	0.0	0.0	0.0	0.0	39.0	0.0	28.0	1.0	45.0	0.0	0.0	0.0	0.0	1.0	0.0	0.0	6.0	3.0	0.0	0.0	0.0	0.0	15.0	60.0
720575940636069348	0.0	0.0	0.0	0.0	0.0	0.0	0.0	0.0	0.0	0.0	0.0	0.0	1.0	0.0	16.0	16.0	0.0	0.0	0.0	5.0	0.0	5.0	0.0	0.0	0.0	51.0	0.0	0.0	0.0	0.0	0.0	0.0	60.0	0.0	0.0	0.0	10.0	0.0	0.0
720575940638328765	0.0	0.0	3.0	0.0	0.0	0.0	0.0	0.0	0.0	0.0	0.0	7.0	0.0	2.0	0.0	0.0	0.0	0.0	0.0	0.0	0.0	0.0	0.0	0.0	38.0	0.0	0.0	0.0	60.0	1.0	1.0	0.0	0.0	59.0	0.0	17.0	0.0	0.0	0.0
720575940628120402	0.0	1.0	6.0	0.0	9.0	0.0	6.0	1.0	0.0	0.0	0.0	0.0	1.0	0.0	0.0	0.0	0.0	0.0	0.0	0.0	0.0	0.0	0.0	0.0	0.0	0.0	0.0	11.0	0.0	31.0	57.0	6.0	0.0	0.0	6.0	0.0	0.0	23.0	0.0
720575940632651219	0.0	0.0	0.0	24.0	0.0	0.0	1.0	1.0	0.0	0.0	0.0	0.0	0.0	0.0	0.0	67.0	0.0	0.0	0.0	0.0	0.0	0.0	0.0	0.0	0.0	25.0	1.0	0.0	0.0	0.0	0.0	0.0	38.0	0.0	0.0	0.0	80.0	0.0	0.0
720575940639404416	0.0	15.0	0.0	0.0	1.0	0.0	0.0	0.0	0.0	0.0	0.0	0.0	0.0	0.0	0.0	0.0	0.0	0.0	0.0	2.0	0.0	0.0	0.0	8.0	0.0	0.0	0.0	0.0	0.0	7.0	3.0	57.0	0.0	0.0	0.0	1.0	0.0	55.0	26.0
720575940620028513	4.0	0.0	0.0	0.0	0.0	0.0	11.0	1.0	0.0	20.0	0.0	0.0	1.0	0.0	0.0	1.0	0.0	2.0	2.0	0.0	78.0	0.0	0.0	0.0	0.0	0.0	80.0	11.0	0.0	0.0	0.0	0.0	1.0	0.0	17.0	0.0	0.0	0.0	0.0
720575940638901875	0.0	0.0	0.0	0.0	0.0	0.0	0.0	0.0	0.0	0.0	0.0	0.0	1.0	0.0	0.0	0.0	0.0	0.0	0.0	2.0	0.0	0.0	0.0	0.0	0.0	2.0	0.0	0.0	0.0	0.0	0.0	0.0	1.0	0.0	0.0	2.0	2.0	1.0	1.0
720575940628587202	0.0	0.0	0.0	0.0	0.0	0.0	0.0	0.0	0.0	0.0	0.0	0.0	0.0	0.0	0.0	0.0	0.0	1.0	3.0	0.0	0.0	2.0	0.0	0.0	2.0	0.0	1.0	0.0	3.0	4.0	0.0	3.0	2.0	0.0	1.0	0.0	2.0	0.0	0.0
720575940636868186	0.0	0.0	0.0	0.0	0.0	0.0	0.0	0.0	0.0	0.0	0.0	0.0	0.0	0.0	0.0	0.0	2.0	0.0	0.0	1.0	1.0	0.0	0.0	0.0	0.0	1.0	0.0	0.0	0.0	0.0	0.0	0.0	0.0	0.0	0.0	0.0	0.0	0.0	0.0
720575940620202266	0.0	0.0	0.0	0.0	0.0	0.0	0.0	0.0	0.0	0.0	0.0	0.0	0.0	0.0	0.0	0.0	3.0	0.0	0.0	0.0	0.0	1.0	0.0	1.0	2.0	0.0	3.0	0.0	0.0	0.0	0.0	0.0	0.0	0.0	2.0	0.0	1.0	0.0	0.0
720575940635481262	0.0	0.0	0.0	0.0	0.0	0.0	0.0	0.0	0.0	0.0	0.0	0.0	0.0	0.0	0.0	2.0	0.0	3.0	0.0	0.0	2.0	1.0	1.0	0.0	0.0	1.0	0.0	2.0	0.0	0.0	1.0	0.0	0.0	2.0	0.0	4.0	0.0	1.0	3.0
720575940635430030	0.0	0.0	0.0	0.0	0.0	0.0	1.0	0.0	0.0	0.0	0.0	0.0	0.0	0.0	1.0	0.0	0.0	0.0	0.0	1.0	0.0	0.0	1.0	0.0	0.0	1.0	0.0	1.0	0.0	0.0	3.0	0.0	0.0	1.0	0.0	4.0	0.0	0.0	2.0
720575940630728588	0.0	0.0	0.0	0.0	0.0	0.0	0.0	0.0	0.0	0.0	0.0	0.0	0.0	0.0	0.0	0.0	2.0	0.0	2.0	0.0	0.0	0.0	0.0	0.0	1.0	0.0	2.0	0.0	0.0	0.0	0.0	1.0	2.0	0.0	0.0	0.0	1.0	0.0	1.0
720575940619802800	0.0	0.0	0.0	0.0	0.0	0.0	0.0	0.0	0.0	0.0	0.0	0.0	0.0	0.0	0.0	0.0	0.0	0.0	0.0	1.0	1.0	0.0	0.0	0.0	0.0	2.0	0.0	1.0	0.0	0.0	1.0	0.0	0.0	1.0	0.0	1.0	0.0	0.0	1.0
720575940628457448	0.0	0.0	0.0	0.0	0.0	0.0	0.0	0.0	0.0	0.0	0.0	0.0	0.0	0.0	0.0	0.0	2.0	0.0	0.0	0.0	0.0	0.0	0.0	0.0	1.0	0.0	0.0	0.0	0.0	1.0	0.0	0.0	1.0	0.0	0.0	0.0	1.0	0.0	1.0
720575940619648116	0.0	1.0	1.0	0.0	0.0	0.0	0.0	0.0	0.0	0.0	0.0	0.0	0.0	0.0	0.0	0.0	2.0	0.0	1.0	0.0	0.0	2.0	0.0	0.0	0.0	0.0	1.0	0.0	1.0	1.0	0.0	1.0	1.0	0.0	2.0	1.0	3.0	0.0	0.0
720575940619006087	1.0	0.0	0.0	0.0	0.0	0.0	0.0	0.0	0.0	0.0	0.0	0.0	0.0	0.0	0.0	4.0	0.0	0.0	0.0	1.0	3.0	0.0	5.0	0.0	0.0	0.0	0.0	1.0	0.0	0.0	2.0	0.0	2.0	1.0	0.0	4.0	0.0	2.0	1.0
720575940624320318	0.0	0.0	0.0	0.0	0.0	0.0	0.0	0.0	0.0	2.0	0.0	0.0	0.0	0.0	0.0	0.0	0.0	0.0	3.0	0.0	0.0	5.0	0.0	1.0	0.0	0.0	0.0	0.0	2.0	1.0	0.0	6.0	4.0	0.0	1.0	0.0	2.0	0.0	0.0
720575940631151663	0.0	0.0	0.0	0.0	0.0	0.0	0.0	0.0	0.0	0.0	0.0	0.0	0.0	0.0	0.0	1.0	0.0	2.0	0.0	1.0	0.0	0.0	2.0	0.0	0.0	1.0	1.0	0.0	0.0	0.0	3.0	0.0	0.0	3.0	1.0	3.0	0.0	3.0	0.0
720575940630653604	0.0	0.0	0.0	0.0	0.0	0.0	0.0	0.0	0.0	0.0	1.0	0.0	0.0	0.0	0.0	0.0	1.0	0.0	0.0	0.0	0.0	0.0	0.0	1.0	2.0	0.0	1.0	0.0	0.0	0.0	0.0	4.0	2.0	0.0	0.0	0.0	0.0	0.0	0.0
720575940618759361	0.0	0.0	0.0	0.0	0.0	0.0	0.0	0.0	0.0	0.0	1.0	0.0	0.0	0.0	0.0	0.0	2.0	0.0	1.0	0.0	0.0	2.0	0.0	3.0	0.0	0.0	3.0	0.0	0.0	0.0	0.0	3.0	7.0	0.0	1.0	0.0	2.0	0.0	0.0
720575940644706083	0.0	0.0	1.0	1.0	0.0	0.0	0.0	0.0	0.0	0.0	1.0	0.0	0.0	0.0	0.0	2.0	0.0	3.0	0.0	3.0	3.0	0.0	2.0	0.0	0.0	0.0	0.0	3.0	0.0	0.0	0.0	0.0	0.0	3.0	0.0	0.0	0.0	0.0	2.0
720575940612936154	0.0	0.0	0.0	0.0	0.0	0.0	0.0	0.0	0.0	0.0	2.0	0.0	0.0	0.0	0.0	0.0	1.0	0.0	0.0	0.0	0.0	1.0	0.0	1.0	0.0	0.0	1.0	0.0	2.0	0.0	0.0	0.0	1.0	0.0	0.0	0.0	0.0	0.0	0.0
720575940622727629	0.0	0.0	0.0	0.0	0.0	0.0	0.0	0.0	0.0	0.0	0.0	0.0	0.0	0.0	0.0	0.0	1.0	0.0	0.0	0.0	0.0	2.0	0.0	1.0	3.0	0.0	4.0	0.0	1.0	4.0	0.0	0.0	0.0	0.0	1.0	0.0	0.0	0.0	0.0
720575940625308162	0.0	0.0	0.0	0.0	0.0	0.0	0.0	0.0	0.0	0.0	0.0	1.0	0.0	0.0	0.0	1.0	0.0	2.0	0.0	3.0	1.0	0.0	0.0	0.0	0.0	2.0	0.0	1.0	0.0	0.0	0.0	0.0	0.0	0.0	0.0	1.0	0.0	1.0	1.0
720575940623430621	0.0	0.0	0.0	0.0	0.0	0.0	0.0	1.0	0.0	0.0	0.0	0.0	0.0	0.0	0.0	0.0	2.0	0.0	1.0	0.0	0.0	0.0	0.0	0.0	1.0	0.0	2.0	0.0	1.0	0.0	0.0	1.0	2.0	0.0	0.0	0.0	1.0	0.0	0.0
720575940612870952	0.0	0.0	0.0	0.0	0.0	0.0	0.0	0.0	0.0	0.0	0.0	0.0	0.0	1.0	0.0	3.0	0.0	5.0	0.0	0.0	2.0	0.0	1.0	0.0	2.0	1.0	0.0	1.0	0.0	0.0	1.0	0.0	0.0	0.0	0.0	0.0	0.0	0.0	3.0
720575940622234326	0.0	0.0	0.0	0.0	0.0	0.0	0.0	0.0	0.0	0.0	0.0	0.0	0.0	0.0	0.0	1.0	0.0	0.0	2.0	0.0	0.0	3.0	0.0	0.0	0.0	0.0	1.0	0.0	0.0	0.0	0.0	1.0	1.0	0.0	2.0	0.0	0.0	0.0	0.0
720575940616654370	0.0	0.0	0.0	0.0	0.0	0.0	0.0	0.0	0.0	0.0	1.0	0.0	0.0	0.0	0.0	7.0	0.0	3.0	0.0	4.0	1.0	0.0	0.0	0.0	0.0	4.0	0.0	1.0	0.0	0.0	1.0	0.0	0.0	3.0	0.0	3.0	0.0	0.0	1.0
720575940605640905	0.0	0.0	0.0	0.0	0.0	0.0	0.0	0.0	0.0	0.0	0.0	0.0	0.0	0.0	0.0	2.0	0.0	1.0	0.0	3.0	1.0	0.0	3.0	1.0	0.0	2.0	0.0	2.0	0.0	0.0	1.0	0.0	0.0	1.0	0.0	2.0	0.0	0.0	0.0
